****2****
50
162;52;2;1;22
120;129;1;2;268
185;180;1;2;500
41;76;1;2;261
120;61;2;1;198
82;178;2;1;304
22;75;1;2;404
4;38;2;1;211
23;45;1;2;133
171;92;1;2;304
56;134;1;2;86
164;35;2;1;438
110;144;2;1;234
22;163;2;1;307
123;33;2;1;71
53;13;1;2;93
33;159;2;1;383
130;111;2;1;111
4;93;1;2;435
91;7;1;2;280
147;118;2;1;91
129;165;1;2;92
102;158;2;1;27
188;115;2;1;84
9;54;2;1;384
137;142;2;1;398
72;86;2;1;300
12;100;2;1;110
200;91;2;1;141
62;141;2;1;282
164;120;1;2;198
127;131;2;1;210
109;70;1;2;256
100;172;2;1;364
104;142;1;2;33
170;4;1;2;36
156;154;2;1;316
152;102;1;2;333
8;10;2;1;2
65;34;1;2;377
161;43;1;2;414
23;21;2;1;441
105;15;1;2;490
176;126;2;1;243
113;65;2;1;231
165;156;1;2;381
63;103;1;2;137
101;67;2;1;288
72;136;2;1;391
182;110;2;1;189
1;2;10;2206
2;2;16;1969
3;2;7;742
4;2;7;2592
5;1;8;4306
****EOF****