****5****
40
123;156;1;2;60
148;102;1;2;260
154;129;1;2;590
138;169;2;1;649
144;146;1;2;611
195;120;1;2;550
160;164;1;2;763
149;139;1;2;238
104;198;2;1;593
145;116;2;1;635
118;160;1;2;681
134;134;2;1;292
113;165;1;2;451
197;121;1;2;391
192;162;1;2;484
106;173;2;1;704
174;150;1;2;468
118;144;2;1;591
102;130;1;2;570
159;139;2;1;566
113;136;1;2;674
134;197;2;1;248
107;197;2;1;407
180;176;2;1;667
168;137;2;1;424
124;105;2;1;678
184;107;1;2;646
126;153;2;1;387
122;199;2;1;612
146;143;1;2;798
101;174;2;1;246
169;163;1;2;643
147;174;1;2;146
163;155;1;2;99
164;188;2;1;145
170;109;2;1;15
171;172;2;1;302
177;141;2;1;507
186;153;1;2;5
106;142;1;2;796
1;2;2;4648
2;1;10;2594
3;1;10;1712
4;1;2;5544
****EOF****