****4****
80
54;7;2;1;113
71;58;2;1;14
90;81;2;1;633
4;99;2;1;238
49;92;1;2;255
76;10;1;2;374
38;13;1;2;757
86;66;2;1;415
14;32;1;2;175
20;24;2;1;742
72;11;2;1;546
43;82;2;1;778
65;49;2;1;422
29;69;1;2;491
21;26;2;1;725
77;17;1;2;12
60;67;2;1;777
34;46;1;2;114
73;40;2;1;673
79;71;2;1;387
90;24;1;2;60
27;13;1;2;551
89;97;1;2;763
78;89;1;2;554
60;90;1;2;771
62;19;2;1;311
14;18;2;1;665
23;31;2;1;190
56;4;2;1;419
51;27;1;2;366
12;54;1;2;685
18;26;1;2;603
48;92;2;1;513
34;37;2;1;633
15;44;1;2;653
67;46;1;2;446
50;89;1;2;385
60;94;1;2;99
80;10;1;2;558
23;48;2;1;771
6;29;2;1;199
69;64;1;2;187
16;34;1;2;387
43;67;2;1;424
21;95;1;2;376
94;92;2;1;139
98;3;2;1;513
36;70;2;1;743
27;34;1;2;697
7;66;2;1;1
12;12;1;2;221
44;11;2;1;383
53;15;2;1;270
37;33;2;1;41
78;39;1;2;620
14;16;1;2;427
63;69;2;1;251
81;61;2;1;112
84;42;1;2;65
69;25;2;1;520
94;91;1;2;229
14;15;1;2;546
20;73;1;2;625
10;48;2;1;146
46;48;2;1;561
17;73;2;1;460
60;81;1;2;338
78;70;2;1;230
24;69;2;1;547
96;16;2;1;506
55;89;2;1;470
37;4;1;2;385
8;97;1;2;287
37;92;2;1;312
80;80;2;1;787
28;86;1;2;574
26;36;2;1;715
91;24;2;1;84
40;31;2;1;318
35;57;2;1;571
1;2;6;3543
2;1;5;2000
3;1;13;3277
4;1;18;1028
5;2;9;1239
6;2;5;2516
7;1;12;168
8;1;16;2644
****EOF****