****1****
50
8;18;2;1;8
5;6;1;2;4
5;7;1;2;28
8;10;1;2;8
13;11;1;2;38
2;13;2;1;26
6;12;1;2;48
12;14;2;1;29
10;5;2;1;40
20;11;2;1;42
11;16;1;2;1
7;9;2;1;40
9;6;2;1;1
13;13;2;1;5
16;11;1;2;48
18;4;1;2;32
5;3;2;1;45
9;20;1;2;29
19;1;2;1;20
17;12;2;1;43
12;7;1;2;25
6;11;1;2;18
3;19;2;1;3
15;13;2;1;32
5;11;2;1;46
7;4;2;1;45
2;2;2;1;49
17;7;2;1;50
6;12;1;2;30
9;18;2;1;12
14;5;2;1;30
2;4;1;2;4
5;2;1;2;21
15;11;2;1;4
6;2;1;2;28
20;11;2;1;16
10;14;2;1;9
13;6;1;2;32
12;17;2;1;21
15;9;2;1;43
7;8;2;1;14
12;17;1;2;23
20;18;1;2;16
9;11;1;2;23
10;17;2;1;15
10;20;2;1;43
3;2;1;2;34
7;9;1;2;27
1;1;2;1;50
7;19;1;2;18
1;2;14;485
2;2;13;374
3;2;1;70
4;2;14;526
5;1;11;78
****EOF****