****3****
50
7;7;2;1;259
12;9;1;2;283
1;152;1;2;304
5;16;2;1;498
185;18;2;1;43
9;162;1;2;357
7;67;2;1;365
10;18;1;2;91
186;143;2;1;495
171;9;1;2;474
162;1;2;1;284
4;24;1;2;161
2;122;2;1;232
68;134;1;2;194
170;16;2;1;448
14;77;1;2;150
11;66;2;1;228
18;13;2;1;465
20;55;1;2;222
121;178;2;1;197
120;17;1;2;446
69;132;2;1;100
9;9;1;2;130
4;61;2;1;157
174;9;2;1;301
7;19;1;2;492
180;105;2;1;349
176;10;1;2;400
8;183;1;2;149
29;185;1;2;386
162;122;1;2;414
12;57;2;1;326
17;19;1;2;482
156;164;1;2;202
15;15;2;1;415
4;9;2;1;324
15;12;2;1;161
3;104;1;2;96
10;103;2;1;33
9;9;2;1;238
12;7;2;1;259
2;17;1;2;323
5;153;2;1;200
109;17;2;1;59
4;7;2;1;365
71;20;2;1;34
155;11;1;2;121
38;4;2;1;68
180;92;1;2;185
1;4;1;2;54
1;2;4;2620
2;2;14;1627
3;2;10;506
4;2;16;2472
5;2;18;2209
****EOF****